30.804020655822136
20.393503560166536
19.641241345205387
36.1926918352005
17.024735855189974
31.584162706748856
31.87231592032786
35.97005697176481
22.027442525563945
4.0503469439527215
24.377411277959794
45.86336287582709
20.92927530616035
35.862847040530866
14.920710992500732
29.820118322502466
37.57525577184608
19.844642085532442
26.2777950762383
35.43369822259222
26.933960773017013
34.991928239135945
32.1029829718477
23.431872524716155
25.275809432584087
29.10897918130766
21.311311222123823
40.496821039148855
32.38008674522418
39.49697501603562
25.79119524854665
19.83865982328821
45.10304143969251
25.14524249164573
28.29551033136648
26.005876097911997
42.57550242940424
31.63354808140294
29.910662281314192
29.90852251452806
27.725136674940423
39.342894891957805
23.975217393175647
16.11722638080191
33.5429829444581
18.29932078405521
16.350586502324884
22.805825021723194
22.788598844830517
39.70254359952576
24.82823416655494
33.78211296925173
37.05421266151481
26.708710156563722
27.05526047494684
20.512800172535727
9.233825490444634
31.977587703516882
15.657044337016256
20.533648823541412
25.144313231601785
36.406095637127905
39.82209552952813
36.045946655234815
26.551244139386313
16.39745105296733
26.36443780149681
43.185074820578464
12.046101441528798
10.476130260914648
24.1176386684419
37.64779802869781
21.73234855157578
16.60526145434543
26.331570865193793
31.36766028678376
31.050856768095212
24.277891624874265
46.68557797884287
31.464439223940435
29.600823117530854
17.71060306475715
32.67231911761229
9.27748589394513
18.288878941597762
41.41880493980021
26.420533991233025
29.821131770653718
30.248300400085053
33.4769624001132
36.65299379059147
21.59958489051541
17.318167461016174
34.33381754363281
27.510010931994998
26.56578106897169
40.24844809161582
39.589280976312054
37.25271514336772
35.85277030929629
