66.23947564291018
67.46659662193241
68.95774645871026
69.64916962566664
68.38200155385555
68.08965705590231
62.3707373849034
67.00276472982223
61.87861222218741
65.06485096847148
61.7231093074922
68.88136138614942
66.63996232957471
62.62867945872352
62.258638499382684
66.52418113615568
66.8056355253152
66.43431576609548
69.222629116217
65.03442145793828
64.06567585567973
68.3411021212628
64.46693279698164
66.50542106985993
67.62951221710783
71.11529785193257
64.04523897300292
70.57612403569189
71.31903503711561
68.97637867576313
62.88264952313355
68.59299798344307
67.70222995291653
65.1585307047961
66.45097885947682
67.05693592310593
63.819917106927704
66.53033139832633
63.3548470946476
64.95511547116465
66.96021255668761
69.180403248366
70.63436942978063
64.73005952316339
65.33858980003816
63.5694231494179
65.94827948661188
69.82666686621882
62.05990875938226
64.65871333910023
69.16697230307517
67.08479478033593
69.06483187179174
63.88162676721942
69.12657686367666
62.141830524233214
62.932890492654664
65.51009013359133
63.17602127959162
70.25869989057811
66.0260320488731
69.32312010223836
69.86058840359354
62.282936448538386
63.28722434389833
68.0140391855446
66.80083807959849
62.87825812937918
67.15861793193427
68.5251789268975
64.26575509823984
64.2449782660158
69.47282964845039
63.65693082309565
67.16276251633039
62.8376592769537
69.60173836437878
64.56210725918211
62.37759257582835
68.90845112238897
62.30695407129936
66.93345055222437
63.61117088593918
63.44718579305551
70.77977545644616
68.16646390491496
70.11842694604209
66.13833328687618
66.14133896827376
65.27259795591212
64.54037319631676
71.39923850189126
64.31060498323394
62.445715626188836
65.8452417555539
63.530829740994065
65.61749193379023
68.59843256818701
65.20108180893195
70.87430714905231
